100 100
100 100 
100
50 1 184
50 2 87
50 3 178
50 4 116
50 5 194
50 6 136
50 7 187
50 8 93
50 9 50
50 10 22
50 11 163
50 12 28
50 13 91
50 14 60
50 15 164
50 16 127
50 17 141
50 18 27
50 19 173
50 20 137
50 21 12
50 22 169
50 23 168
50 24 30
50 25 183
50 26 131
50 27 63
50 28 124
50 29 68
50 30 136
50 31 130
50 32 3
50 33 23
50 34 59
50 35 70
50 36 168
50 37 194
50 38 57
50 39 12
50 40 43
50 41 30
50 42 174
50 43 22
50 44 120
50 45 185
50 46 138
50 47 199
50 48 125
50 49 116
50 50 171
50 51 14
50 52 127
50 53 92
50 54 181
50 55 157
50 56 74
50 57 63
50 58 171
50 59 197
50 60 82
50 61 106
50 62 126
50 63 85
50 64 128
50 65 137
50 66 106
50 67 47
50 68 130
50 69 114
50 70 58
50 71 125
50 72 96
50 73 183
50 74 146
50 75 15
50 76 168
50 77 35
50 78 165
50 79 44
50 80 151
50 81 88
50 82 9
50 83 77
50 84 179
50 85 189
50 86 185
50 87 4
50 88 52
50 89 155
50 90 200
50 91 133
50 92 61
50 93 77
50 94 169
50 95 140
50 96 13
50 97 27
50 98 187
50 99 95
50 100 140
