93 53
93 53 
328
13 13 68
13 14 71
13 15 100
13 16 68
13 17 68
13 18 4
13 19 121
13 20 59
13 21 70
13 22 134
13 23 145
13 24 102
13 25 143
13 26 38
13 27 10
13 28 115
13 29 95
13 30 61
13 31 81
13 32 3
13 33 106
13 34 3
13 35 108
13 36 102
13 37 23
13 38 109
13 39 103
13 40 8
13 41 10
13 42 66
13 43 140
13 44 61
13 45 137
13 46 77
13 47 112
13 48 42
13 49 80
13 50 87
13 51 84
13 52 3
13 53 58
14 13 82
15 13 88
16 13 54
17 13 103
18 13 82
19 13 7
20 13 51
21 13 126
22 13 87
23 13 38
24 13 85
25 13 74
26 13 145
26 26 41
26 27 96
26 28 91
26 29 127
26 30 103
26 31 84
26 32 46
26 33 96
26 34 145
26 35 36
26 36 11
26 37 94
26 38 61
26 39 90
26 40 18
26 41 144
26 42 77
26 43 60
26 44 63
26 45 18
26 46 113
26 47 20
26 48 83
26 49 103
26 50 54
26 51 63
26 52 28
26 53 75
27 13 1
27 26 101
28 13 73
28 26 25
29 13 34
29 26 18
30 13 5
30 26 136
31 13 101
31 26 51
32 13 69
32 26 83
33 13 70
33 26 79
34 13 15
34 26 131
35 13 7
35 26 32
36 13 112
36 26 67
37 13 91
37 26 29
38 13 68
38 26 42
39 13 32
39 26 5
39 39 128
39 40 69
39 41 67
39 42 139
39 43 144
39 44 51
39 45 77
39 46 54
39 47 76
39 48 110
39 49 55
39 50 80
39 51 83
39 52 140
39 53 114
40 13 6
40 26 76
40 39 38
41 13 68
41 26 74
41 39 6
42 13 58
42 26 90
42 39 101
43 13 124
43 26 18
43 39 113
44 13 46
44 26 43
44 39 144
45 13 34
45 26 25
45 39 51
46 13 100
46 26 1
46 39 48
47 13 134
47 26 78
47 39 101
48 13 63
48 26 41
48 39 10
49 13 127
49 26 124
49 39 133
50 13 78
50 26 113
50 39 46
51 13 99
51 26 18
51 39 120
52 13 104
52 26 76
52 39 63
52 52 43
52 53 37
53 13 80
53 26 9
53 39 82
53 52 107
54 13 7
54 26 99
54 39 131
54 52 41
55 13 36
55 26 131
55 39 88
55 52 24
56 13 46
56 26 26
56 39 86
56 52 87
57 13 19
57 26 50
57 39 48
57 52 5
58 13 128
58 26 144
58 39 51
58 52 80
59 13 15
59 26 24
59 39 22
59 52 90
60 13 70
60 26 64
60 39 111
60 52 133
61 13 72
61 26 46
61 39 93
61 52 62
62 13 145
62 26 61
62 39 102
62 52 34
63 13 30
63 26 27
63 39 41
63 52 75
64 13 53
64 26 111
64 39 145
64 52 55
65 13 14
65 26 30
65 39 60
65 52 125
66 13 27
66 26 94
66 39 43
66 52 42
67 13 101
67 26 64
67 39 115
67 52 24
68 13 111
68 26 79
68 39 140
68 52 20
69 13 109
69 26 71
69 39 82
69 52 91
70 13 115
70 26 21
70 39 108
70 52 128
71 13 32
71 26 3
71 39 57
71 52 68
72 13 113
72 26 39
72 39 122
72 52 110
73 13 69
73 26 19
73 39 89
73 52 79
74 13 112
74 26 131
74 39 120
74 52 66
75 13 32
75 26 73
75 39 73
75 52 142
76 13 5
76 26 51
76 39 15
76 52 97
77 13 121
77 26 80
77 39 41
77 52 73
78 13 85
78 26 133
78 39 55
78 52 116
79 13 135
79 26 95
79 39 21
79 52 85
80 13 133
80 26 142
80 39 48
80 52 39
81 13 15
81 26 120
81 39 118
81 52 110
82 13 104
82 26 75
82 39 30
82 52 119
83 13 1
83 26 86
83 39 114
83 52 6
84 13 136
84 26 113
84 39 86
84 52 94
85 13 30
85 26 127
85 39 21
85 52 114
86 13 113
86 26 59
86 39 67
86 52 85
87 13 7
87 26 87
87 39 23
87 52 139
88 13 67
88 26 54
88 39 16
88 52 65
89 13 28
89 26 133
89 39 28
89 52 115
90 13 61
90 26 41
90 39 72
90 52 62
91 13 127
91 26 23
91 39 51
91 52 100
92 13 135
92 26 136
92 39 32
92 52 3
93 13 100
93 26 36
93 39 100
93 52 50
