935 523
935 523 
6125
73 73 1262
73 74 557
73 75 586
73 76 1214
73 77 798
73 78 1160
73 79 803
73 80 1417
73 81 736
73 82 902
73 83 915
73 84 32
73 85 1329
73 86 872
73 87 276
73 88 1247
73 89 1195
73 90 595
73 91 1403
73 92 821
73 93 90
73 94 243
73 95 1402
73 96 628
73 97 207
73 98 1089
73 99 1377
73 100 212
73 101 1172
73 102 1334
73 103 762
73 104 1153
73 105 433
73 106 67
73 107 1086
73 108 1408
73 109 1226
73 110 431
73 111 86
73 112 503
73 113 52
73 114 1000
73 115 712
73 116 1380
73 117 591
73 118 1166
73 119 1347
73 120 327
73 121 480
73 122 1291
73 123 1326
73 124 569
73 125 254
73 126 1269
73 127 1197
73 128 460
73 129 1077
73 130 1293
73 131 671
73 132 968
73 133 1168
73 134 1432
73 135 663
73 136 142
73 137 219
73 138 468
73 139 269
73 140 1444
73 141 1076
73 142 354
73 143 667
73 144 1306
73 145 73
73 146 1378
73 147 1227
73 148 664
73 149 1263
73 150 1293
73 151 1168
73 152 285
73 153 1304
73 154 1213
73 155 853
73 156 99
73 157 1023
73 158 769
73 159 736
73 160 642
73 161 603
73 162 1406
73 163 151
73 164 313
73 165 99
73 166 991
73 167 632
73 168 317
73 169 179
73 170 901
73 171 481
73 172 1254
73 173 1432
73 174 1325
73 175 1101
73 176 47
73 177 1422
73 178 1048
73 179 888
73 180 1227
73 181 1060
73 182 775
73 183 53
73 184 1083
73 185 530
73 186 1083
73 187 1359
73 188 272
73 189 394
73 190 636
73 191 1091
73 192 996
73 193 761
73 194 1420
73 195 28
73 196 860
73 197 952
73 198 660
73 199 1354
73 200 1308
73 201 280
73 202 554
73 203 1282
73 204 431
73 205 420
73 206 1102
73 207 655
73 208 384
73 209 869
73 210 84
73 211 330
73 212 471
73 213 1037
73 214 382
73 215 273
73 216 108
73 217 184
73 218 174
73 219 379
73 220 577
73 221 809
73 222 12
73 223 293
73 224 112
73 225 151
73 226 498
73 227 1149
73 228 1280
73 229 1335
73 230 1222
73 231 1130
73 232 156
73 233 318
73 234 953
73 235 765
73 236 915
73 237 596
73 238 1419
73 239 1298
73 240 185
73 241 45
73 242 347
73 243 655
73 244 1259
73 245 906
73 246 927
73 247 1366
73 248 1090
73 249 1278
73 250 464
73 251 208
73 252 629
73 253 653
73 254 678
73 255 918
73 256 803
73 257 1176
73 258 786
73 259 625
73 260 1052
73 261 549
73 262 296
73 263 1386
73 264 866
73 265 1426
73 266 692
73 267 501
73 268 741
73 269 652
73 270 340
73 271 925
73 272 874
73 273 687
73 274 299
73 275 674
73 276 134
73 277 1404
73 278 759
73 279 1401
73 280 1223
73 281 1223
73 282 329
73 283 571
73 284 595
73 285 1006
73 286 208
73 287 1398
73 288 901
73 289 993
73 290 742
73 291 673
73 292 84
73 293 1215
73 294 600
73 295 1127
73 296 1182
73 297 11
73 298 169
73 299 642
73 300 840
73 301 687
73 302 287
73 303 256
73 304 93
73 305 763
73 306 1107
73 307 404
73 308 886
73 309 586
73 310 347
73 311 651
73 312 528
73 313 675
73 314 1399
73 315 1122
73 316 400
73 317 149
73 318 1239
73 319 1301
73 320 1319
73 321 522
73 322 515
73 323 1402
73 324 278
73 325 1292
73 326 1249
73 327 179
73 328 1302
73 329 1417
73 330 999
73 331 683
73 332 823
73 333 1285
73 334 1116
73 335 915
73 336 767
73 337 943
73 338 39
73 339 195
73 340 70
73 341 385
73 342 1023
73 343 775
73 344 1237
73 345 963
73 346 438
73 347 178
73 348 1289
73 349 219
73 350 198
73 351 1150
73 352 918
73 353 712
73 354 1271
73 355 1196
73 356 723
73 357 1061
73 358 94
73 359 566
73 360 1020
73 361 1092
73 362 1427
73 363 562
73 364 1096
73 365 1262
73 366 19
73 367 405
73 368 746
73 369 57
73 370 777
73 371 993
73 372 619
73 373 341
73 374 309
73 375 397
73 376 1303
73 377 925
73 378 752
73 379 1312
73 380 1321
73 381 950
73 382 1003
73 383 780
73 384 381
73 385 815
73 386 695
73 387 1282
73 388 418
73 389 789
73 390 567
73 391 157
73 392 600
73 393 535
73 394 718
73 395 416
73 396 517
73 397 914
73 398 998
73 399 1440
73 400 1148
73 401 316
73 402 975
73 403 308
73 404 656
73 405 3
73 406 882
73 407 678
73 408 1105
73 409 354
73 410 531
73 411 967
73 412 23
73 413 253
73 414 467
73 415 581
73 416 1068
73 417 1161
73 418 404
73 419 205
73 420 669
73 421 971
73 422 361
73 423 1269
73 424 225
73 425 1256
73 426 226
73 427 741
73 428 890
73 429 1223
73 430 723
73 431 579
73 432 258
73 433 417
73 434 1065
73 435 913
73 436 597
73 437 666
73 438 310
73 439 244
73 440 1019
73 441 841
73 442 1388
73 443 1041
73 444 1271
73 445 396
73 446 342
73 447 880
73 448 99
73 449 745
73 450 1262
73 451 767
73 452 257
73 453 342
73 454 755
73 455 482
73 456 140
73 457 1158
73 458 1400
73 459 1029
73 460 1100
73 461 842
73 462 327
73 463 1357
73 464 1258
73 465 1391
73 466 989
73 467 575
73 468 777
73 469 1299
73 470 818
73 471 337
73 472 859
73 473 925
73 474 98
73 475 671
73 476 1321
73 477 439
73 478 271
73 479 139
73 480 1183
73 481 74
73 482 1083
73 483 160
73 484 416
73 485 380
73 486 819
73 487 733
73 488 79
73 489 938
73 490 481
73 491 1179
73 492 322
73 493 807
73 494 1255
73 495 121
73 496 918
73 497 786
73 498 695
73 499 236
73 500 626
73 501 232
73 502 750
73 503 204
73 504 1157
73 505 847
73 506 874
73 507 1197
73 508 5
73 509 1322
73 510 1335
73 511 1366
73 512 1396
73 513 959
73 514 67
73 515 531
73 516 58
73 517 1063
73 518 1263
73 519 315
73 520 542
73 521 285
73 522 213
73 523 863
74 73 1269
75 73 9
76 73 1162
77 73 728
78 73 794
79 73 576
80 73 963
81 73 139
82 73 808
83 73 255
84 73 342
85 73 684
86 73 1279
87 73 1394
88 73 600
89 73 1284
90 73 1257
91 73 476
92 73 1191
93 73 1372
94 73 154
95 73 1435
96 73 444
97 73 212
98 73 1039
99 73 426
100 73 704
101 73 300
102 73 710
103 73 916
104 73 1163
105 73 521
106 73 924
107 73 1044
108 73 1426
109 73 438
110 73 161
111 73 931
112 73 576
113 73 1146
114 73 1363
115 73 1096
116 73 371
117 73 1183
118 73 1209
119 73 970
120 73 1186
121 73 1185
122 73 165
123 73 918
124 73 1099
125 73 319
126 73 1072
127 73 262
128 73 708
129 73 652
130 73 688
131 73 1411
132 73 952
133 73 117
134 73 868
135 73 834
136 73 637
137 73 511
138 73 419
139 73 605
140 73 948
141 73 579
142 73 255
143 73 244
144 73 267
145 73 159
146 73 59
146 146 815
146 147 61
146 148 1267
146 149 505
146 150 1247
146 151 993
146 152 847
146 153 884
146 154 811
146 155 1343
146 156 498
146 157 1073
146 158 592
146 159 1327
146 160 480
146 161 722
146 162 998
146 163 596
146 164 309
146 165 551
146 166 1411
146 167 998
146 168 969
146 169 735
146 170 487
146 171 268
146 172 1167
146 173 908
146 174 712
146 175 45
146 176 966
146 177 246
146 178 105
146 179 952
146 180 928
146 181 71
146 182 665
146 183 317
146 184 1133
146 185 17
146 186 201
146 187 172
146 188 1267
146 189 971
146 190 218
146 191 288
146 192 412
146 193 1394
146 194 1062
146 195 721
146 196 486
146 197 1192
146 198 260
146 199 1455
146 200 468
146 201 924
146 202 442
146 203 176
146 204 374
146 205 1153
146 206 220
146 207 59
146 208 118
146 209 502
146 210 1189
146 211 1046
146 212 573
146 213 395
146 214 1362
146 215 247
146 216 589
146 217 282
146 218 596
146 219 398
146 220 1252
146 221 991
146 222 863
146 223 206
146 224 926
146 225 644
146 226 1104
146 227 1412
146 228 377
146 229 83
146 230 128
146 231 1022
146 232 1006
146 233 569
146 234 1375
146 235 99
146 236 441
146 237 314
146 238 336
146 239 736
146 240 816
146 241 66
146 242 323
146 243 108
146 244 638
146 245 404
146 246 532
146 247 1226
146 248 864
146 249 1305
146 250 343
146 251 657
146 252 837
146 253 1206
146 254 1040
146 255 305
146 256 569
146 257 863
146 258 436
146 259 946
146 260 945
146 261 563
146 262 687
146 263 671
146 264 1309
146 265 604
146 266 769
146 267 469
146 268 917
146 269 1282
146 270 1204
146 271 452
146 272 1347
146 273 247
146 274 559
146 275 526
146 276 828
146 277 1268
146 278 472
146 279 233
146 280 1114
146 281 814
146 282 1068
146 283 671
146 284 561
146 285 827
146 286 1153
146 287 1308
146 288 232
146 289 130
146 290 795
146 291 1354
146 292 870
146 293 201
146 294 566
146 295 898
146 296 804
146 297 55
146 298 86
146 299 263
146 300 1336
146 301 9
146 302 892
146 303 1403
146 304 255
146 305 1451
146 306 648
146 307 1083
146 308 1438
146 309 1119
146 310 35
146 311 1094
146 312 475
146 313 1102
146 314 306
146 315 1213
146 316 471
146 317 178
146 318 1062
146 319 702
146 320 307
146 321 576
146 322 597
146 323 1354
146 324 777
146 325 1341
146 326 793
146 327 300
146 328 1395
146 329 1056
146 330 740
146 331 1450
146 332 1064
146 333 174
146 334 1394
146 335 39
146 336 166
146 337 584
146 338 1299
146 339 145
146 340 422
146 341 1333
146 342 1416
146 343 1074
146 344 977
146 345 441
146 346 829
146 347 1447
146 348 618
146 349 610
146 350 868
146 351 1102
146 352 1364
146 353 184
146 354 997
146 355 860
146 356 66
146 357 509
146 358 1159
146 359 180
146 360 106
146 361 441
146 362 172
146 363 1170
146 364 614
146 365 285
146 366 1208
146 367 957
146 368 1046
146 369 1048
146 370 1279
146 371 10
146 372 1100
146 373 1237
146 374 1083
146 375 618
146 376 397
146 377 631
146 378 784
146 379 1015
146 380 1419
146 381 371
146 382 836
146 383 1324
146 384 555
146 385 375
146 386 725
146 387 798
146 388 883
146 389 425
146 390 1156
146 391 1167
146 392 1043
146 393 47
146 394 1056
146 395 198
146 396 331
146 397 805
146 398 1154
146 399 1377
146 400 572
146 401 1153
146 402 106
146 403 213
146 404 931
146 405 1366
146 406 1009
146 407 47
146 408 539
146 409 334
146 410 1239
146 411 499
146 412 705
146 413 617
146 414 542
146 415 1437
146 416 991
146 417 1444
146 418 954
146 419 593
146 420 410
146 421 651
146 422 479
146 423 1453
146 424 697
146 425 76
146 426 370
146 427 1206
146 428 880
146 429 244
146 430 1124
146 431 171
146 432 1396
146 433 1229
146 434 384
146 435 1046
146 436 1136
146 437 1392
146 438 1092
146 439 394
146 440 445
146 441 873
146 442 1070
146 443 1327
146 444 31
146 445 331
146 446 25
146 447 1199
146 448 316
146 449 979
146 450 511
146 451 726
146 452 349
146 453 990
146 454 898
146 455 1224
146 456 1065
146 457 1267
146 458 971
146 459 665
146 460 230
146 461 814
146 462 835
146 463 167
146 464 762
146 465 1396
146 466 1212
146 467 617
146 468 49
146 469 846
146 470 1189
146 471 494
146 472 438
146 473 800
146 474 362
146 475 468
146 476 1131
146 477 387
146 478 386
146 479 166
146 480 85
146 481 896
146 482 891
146 483 611
146 484 427
146 485 508
146 486 376
146 487 34
146 488 495
146 489 66
146 490 698
146 491 724
146 492 879
146 493 252
146 494 891
146 495 360
146 496 190
146 497 822
146 498 977
146 499 238
146 500 209
146 501 707
146 502 731
146 503 646
146 504 226
146 505 1271
146 506 1291
146 507 76
146 508 377
146 509 218
146 510 242
146 511 639
146 512 1114
146 513 1310
146 514 1249
146 515 260
146 516 538
146 517 167
146 518 293
146 519 1032
146 520 410
146 521 1168
146 522 475
146 523 9
147 73 1420
147 146 85
148 73 368
148 146 329
149 73 907
149 146 64
150 73 566
150 146 1115
151 73 948
151 146 17
152 73 481
152 146 1174
153 73 7
153 146 491
154 73 1427
154 146 383
155 73 709
155 146 388
156 73 1021
156 146 542
157 73 240
157 146 811
158 73 801
158 146 955
159 73 1155
159 146 1272
160 73 528
160 146 107
161 73 1159
161 146 1180
162 73 115
162 146 1298
163 73 1265
163 146 660
164 73 168
164 146 713
165 73 724
165 146 912
166 73 547
166 146 213
167 73 928
167 146 1205
168 73 106
168 146 934
169 73 238
169 146 253
170 73 36
170 146 1124
171 73 640
171 146 1234
172 73 207
172 146 1057
173 73 586
173 146 1185
174 73 553
174 146 461
175 73 1176
175 146 1258
176 73 745
176 146 877
177 73 980
177 146 1037
178 73 716
178 146 786
179 73 238
179 146 1062
180 73 40
180 146 1139
181 73 515
181 146 764
182 73 72
182 146 1442
183 73 511
183 146 177
184 73 1095
184 146 748
185 73 607
185 146 1308
186 73 413
186 146 1247
187 73 1083
187 146 797
188 73 1023
188 146 210
189 73 701
189 146 118
190 73 848
190 146 419
191 73 1375
191 146 134
192 73 15
192 146 1074
193 73 1170
193 146 908
194 73 401
194 146 128
195 73 511
195 146 618
196 73 1266
196 146 1025
197 73 1382
197 146 1337
198 73 1186
198 146 612
199 73 234
199 146 1000
200 73 1359
200 146 840
201 73 849
201 146 491
202 73 806
202 146 473
203 73 7
203 146 371
204 73 861
204 146 885
205 73 666
205 146 250
206 73 1303
206 146 582
207 73 562
207 146 37
208 73 376
208 146 451
209 73 945
209 146 776
210 73 578
210 146 1455
211 73 114
211 146 564
212 73 1200
212 146 215
213 73 442
213 146 927
214 73 826
214 146 675
215 73 647
215 146 726
216 73 235
216 146 37
217 73 1394
217 146 1040
218 73 510
218 146 1400
219 73 1410
219 146 90
219 219 1004
219 220 795
219 221 339
219 222 849
219 223 97
219 224 1078
219 225 1063
219 226 472
219 227 71
219 228 549
219 229 1425
219 230 826
219 231 724
219 232 80
219 233 1389
219 234 465
219 235 294
219 236 551
219 237 111
219 238 1119
219 239 1403
219 240 757
219 241 564
219 242 179
219 243 972
219 244 499
219 245 1219
219 246 201
219 247 618
219 248 1348
219 249 290
219 250 164
219 251 685
219 252 806
219 253 1190
219 254 781
219 255 426
219 256 972
219 257 1430
219 258 674
219 259 63
219 260 1396
219 261 41
219 262 964
219 263 18
219 264 150
219 265 1428
219 266 489
219 267 700
219 268 258
219 269 150
219 270 644
219 271 1193
219 272 891
219 273 1001
219 274 706
219 275 110
219 276 761
219 277 1084
219 278 905
219 279 828
219 280 1373
219 281 1246
219 282 232
219 283 720
219 284 1155
219 285 1190
219 286 1145
219 287 669
219 288 1161
219 289 538
219 290 731
219 291 1277
219 292 579
219 293 236
219 294 1294
219 295 906
219 296 383
219 297 502
219 298 147
219 299 818
219 300 829
219 301 968
219 302 552
219 303 262
219 304 510
219 305 1435
219 306 371
219 307 1448
219 308 1060
219 309 1453
219 310 996
219 311 1152
219 312 1241
219 313 1227
219 314 414
219 315 937
219 316 1137
219 317 278
219 318 147
219 319 1017
219 320 816
219 321 1055
219 322 835
219 323 114
219 324 1290
219 325 848
219 326 1019
219 327 392
219 328 1350
219 329 1343
219 330 1210
219 331 720
219 332 1030
219 333 481
219 334 1159
219 335 82
219 336 636
219 337 249
219 338 249
219 339 415
219 340 244
219 341 1244
219 342 109
219 343 26
219 344 1191
219 345 700
219 346 1140
219 347 869
219 348 977
219 349 1287
219 350 605
219 351 512
219 352 883
219 353 1440
219 354 625
219 355 893
219 356 1007
219 357 363
219 358 1284
219 359 1076
219 360 425
219 361 1035
219 362 338
219 363 1455
219 364 236
219 365 216
219 366 256
219 367 871
219 368 465
219 369 504
219 370 1285
219 371 708
219 372 290
219 373 1393
219 374 911
219 375 22
219 376 634
219 377 592
219 378 1068
219 379 331
219 380 598
219 381 214
219 382 842
219 383 23
219 384 373
219 385 187
219 386 1093
219 387 1380
219 388 727
219 389 918
219 390 1175
219 391 1152
219 392 673
219 393 54
219 394 1326
219 395 908
219 396 448
219 397 123
219 398 498
219 399 912
219 400 804
219 401 324
219 402 339
219 403 1093
219 404 437
219 405 1427
219 406 1292
219 407 1248
219 408 560
219 409 901
219 410 298
219 411 1336
219 412 1293
219 413 1318
219 414 78
219 415 207
219 416 46
219 417 1170
219 418 306
219 419 772
219 420 629
219 421 23
219 422 643
219 423 21
219 424 254
219 425 688
219 426 1106
219 427 701
219 428 810
219 429 145
219 430 332
219 431 156
219 432 647
219 433 670
219 434 1426
219 435 1083
219 436 638
219 437 1260
219 438 1050
219 439 1376
219 440 880
219 441 68
219 442 1431
219 443 714
219 444 1385
219 445 50
219 446 1099
219 447 1430
219 448 1219
219 449 1404
219 450 921
219 451 567
219 452 146
219 453 284
219 454 588
219 455 578
219 456 971
219 457 235
219 458 1278
219 459 501
219 460 380
219 461 330
219 462 834
219 463 1204
219 464 1177
219 465 801
219 466 1006
219 467 535
219 468 780
219 469 597
219 470 452
219 471 202
219 472 664
219 473 602
219 474 915
219 475 590
219 476 651
219 477 555
219 478 739
219 479 411
219 480 679
219 481 380
219 482 1155
219 483 824
219 484 663
219 485 284
219 486 1401
219 487 175
219 488 697
219 489 1399
219 490 853
219 491 1254
219 492 270
219 493 228
219 494 999
219 495 166
219 496 1029
219 497 546
219 498 700
219 499 528
219 500 1320
219 501 1329
219 502 729
219 503 704
219 504 472
219 505 186
219 506 1293
219 507 1122
219 508 918
219 509 752
219 510 252
219 511 138
219 512 1131
219 513 1407
219 514 1140
219 515 335
219 516 410
219 517 1260
219 518 687
219 519 1106
219 520 1378
219 521 82
219 522 1079
219 523 367
220 73 487
220 146 619
220 219 533
221 73 57
221 146 1342
221 219 1232
222 73 763
222 146 1204
222 219 1103
223 73 33
223 146 449
223 219 116
224 73 396
224 146 461
224 219 1416
225 73 1314
225 146 1390
225 219 209
226 73 171
226 146 1062
226 219 335
227 73 30
227 146 116
227 219 745
228 73 1290
228 146 803
228 219 570
229 73 1209
229 146 1062
229 219 191
230 73 118
230 146 90
230 219 987
231 73 650
231 146 325
231 219 1049
232 73 423
232 146 1087
232 219 794
233 73 245
233 146 1119
233 219 1420
234 73 361
234 146 235
234 219 600
235 73 318
235 146 90
235 219 532
236 73 704
236 146 438
236 219 135
237 73 1217
237 146 468
237 219 251
238 73 503
238 146 299
238 219 1231
239 73 1250
239 146 227
239 219 834
240 73 160
240 146 344
240 219 1101
241 73 1325
241 146 1171
241 219 1425
242 73 915
242 146 314
242 219 1053
243 73 428
243 146 558
243 219 892
244 73 389
244 146 918
244 219 1126
245 73 988
245 146 1413
245 219 1393
246 73 61
246 146 837
246 219 372
247 73 196
247 146 595
247 219 1017
248 73 624
248 146 1275
248 219 35
249 73 396
249 146 1066
249 219 262
250 73 1407
250 146 1404
250 219 783
251 73 1049
251 146 1270
251 219 674
252 73 1194
252 146 904
252 219 987
253 73 788
253 146 1331
253 219 86
254 73 399
254 146 261
254 219 1182
255 73 244
255 146 1426
255 219 1314
256 73 356
256 146 207
256 219 692
257 73 906
257 146 580
257 219 1286
258 73 464
258 146 1203
258 219 1102
259 73 499
259 146 318
259 219 888
260 73 938
260 146 266
260 219 1011
261 73 262
261 146 34
261 219 1000
262 73 935
262 146 1227
262 219 445
263 73 641
263 146 735
263 219 317
264 73 727
264 146 1311
264 219 755
265 73 628
265 146 97
265 219 900
266 73 483
266 146 452
266 219 1106
267 73 1175
267 146 1357
267 219 227
268 73 1180
268 146 541
268 219 149
269 73 824
269 146 1039
269 219 466
270 73 431
270 146 518
270 219 909
271 73 1441
271 146 957
271 219 943
272 73 982
272 146 612
272 219 711
273 73 1426
273 146 1252
273 219 165
274 73 462
274 146 698
274 219 18
275 73 1394
275 146 1325
275 219 114
276 73 1013
276 146 528
276 219 743
277 73 661
277 146 244
277 219 820
278 73 1065
278 146 1423
278 219 1360
279 73 1214
279 146 966
279 219 1118
280 73 221
280 146 1396
280 219 355
281 73 1308
281 146 1378
281 219 1311
282 73 792
282 146 1079
282 219 642
283 73 222
283 146 1224
283 219 614
284 73 565
284 146 227
284 219 1311
285 73 582
285 146 340
285 219 1356
286 73 873
286 146 1353
286 219 425
287 73 157
287 146 733
287 219 668
288 73 1154
288 146 517
288 219 810
289 73 1055
289 146 272
289 219 496
290 73 892
290 146 671
290 219 433
291 73 1246
291 146 520
291 219 531
292 73 1277
292 146 31
292 219 329
292 292 460
292 293 430
292 294 95
292 295 1073
292 296 994
292 297 321
292 298 1104
292 299 117
292 300 839
292 301 1001
292 302 1167
292 303 911
292 304 145
292 305 44
292 306 363
292 307 990
292 308 1197
292 309 879
292 310 341
292 311 972
292 312 1151
292 313 836
292 314 405
292 315 541
292 316 1447
292 317 193
292 318 1238
292 319 697
292 320 11
292 321 1268
292 322 1025
292 323 648
292 324 417
292 325 1119
292 326 263
292 327 1411
292 328 160
292 329 86
292 330 247
292 331 1176
292 332 1264
292 333 1414
292 334 628
292 335 1408
292 336 1457
292 337 990
292 338 939
292 339 1373
292 340 588
292 341 1457
292 342 886
292 343 458
292 344 835
292 345 1291
292 346 998
292 347 1001
292 348 25
292 349 777
292 350 417
292 351 35
292 352 764
292 353 1441
292 354 682
292 355 1359
292 356 1280
292 357 1122
292 358 31
292 359 159
292 360 1385
292 361 277
292 362 1334
292 363 1190
292 364 410
292 365 503
292 366 1139
292 367 586
292 368 212
292 369 619
292 370 501
292 371 977
292 372 618
292 373 1386
292 374 1435
292 375 172
292 376 1218
292 377 974
292 378 1350
292 379 1420
292 380 471
292 381 308
292 382 174
292 383 1412
292 384 468
292 385 1034
292 386 32
292 387 289
292 388 697
292 389 62
292 390 447
292 391 802
292 392 517
292 393 500
292 394 533
292 395 926
292 396 1180
292 397 392
292 398 232
292 399 1391
292 400 1188
292 401 732
292 402 910
292 403 525
292 404 837
292 405 1064
292 406 696
292 407 775
292 408 757
292 409 765
292 410 736
292 411 1227
292 412 1250
292 413 910
292 414 1359
292 415 260
292 416 485
292 417 1390
292 418 726
292 419 1359
292 420 172
292 421 1351
292 422 880
292 423 688
292 424 392
292 425 1413
292 426 333
292 427 114
292 428 524
292 429 564
292 430 224
292 431 253
292 432 15
292 433 1311
292 434 778
292 435 852
292 436 916
292 437 193
292 438 346
292 439 215
292 440 1136
292 441 1259
292 442 161
292 443 927
292 444 710
292 445 239
292 446 1186
292 447 1372
292 448 171
292 449 454
292 450 1451
292 451 342
292 452 524
292 453 1050
292 454 1207
292 455 915
292 456 1182
292 457 81
292 458 1206
292 459 247
292 460 645
292 461 1430
292 462 500
292 463 659
292 464 2
292 465 1455
292 466 230
292 467 918
292 468 189
292 469 575
292 470 1310
292 471 1324
292 472 376
292 473 12
292 474 971
292 475 1263
292 476 251
292 477 698
292 478 1355
292 479 599
292 480 1329
292 481 67
292 482 1118
292 483 394
292 484 1116
292 485 866
292 486 29
292 487 840
292 488 946
292 489 1234
292 490 1264
292 491 310
292 492 1383
292 493 305
292 494 1147
292 495 1385
292 496 479
292 497 1376
292 498 1022
292 499 846
292 500 671
292 501 873
292 502 889
292 503 1224
292 504 1062
292 505 401
292 506 1206
292 507 32
292 508 1099
292 509 1102
292 510 808
292 511 1147
292 512 1346
292 513 467
292 514 261
292 515 1182
292 516 52
292 517 467
292 518 741
292 519 1176
292 520 420
292 521 546
292 522 27
292 523 345
293 73 1029
293 146 1173
293 219 449
293 292 49
294 73 1269
294 146 12
294 219 894
294 292 481
295 73 1062
295 146 325
295 219 246
295 292 843
296 73 725
296 146 1451
296 219 875
296 292 543
297 73 1273
297 146 224
297 219 410
297 292 1338
298 73 869
298 146 670
298 219 1061
298 292 920
299 73 1314
299 146 343
299 219 815
299 292 275
300 73 889
300 146 842
300 219 797
300 292 637
301 73 734
301 146 1245
301 219 685
301 292 544
302 73 1434
302 146 121
302 219 1202
302 292 1215
303 73 623
303 146 1447
303 219 600
303 292 1347
304 73 160
304 146 16
304 219 610
304 292 152
305 73 417
305 146 1019
305 219 31
305 292 1285
306 73 408
306 146 1270
306 219 925
306 292 263
307 73 332
307 146 281
307 219 537
307 292 1220
308 73 1300
308 146 1334
308 219 576
308 292 754
309 73 1298
309 146 1261
309 219 1297
309 292 1274
310 73 101
310 146 1041
310 219 1030
310 292 723
311 73 1207
311 146 349
311 219 789
311 292 86
312 73 364
312 146 1398
312 219 237
312 292 959
313 73 1136
313 146 446
313 219 785
313 292 85
314 73 257
314 146 429
314 219 525
314 292 588
315 73 888
315 146 1062
315 219 528
315 292 907
316 73 1115
316 146 1103
316 219 202
316 292 1132
317 73 1083
317 146 41
317 219 1125
317 292 1183
318 73 1259
318 146 875
318 219 447
318 292 1007
319 73 1223
319 146 1236
319 219 1271
319 292 307
320 73 1353
320 146 49
320 219 1265
320 292 1031
321 73 672
321 146 769
321 219 1115
321 292 1106
322 73 1198
322 146 182
322 219 236
322 292 805
323 73 1421
323 146 941
323 219 253
323 292 1255
324 73 763
324 146 633
324 219 928
324 292 388
325 73 851
325 146 773
325 219 112
325 292 651
326 73 189
326 146 737
326 219 377
326 292 1411
327 73 514
327 146 367
327 219 259
327 292 408
328 73 416
328 146 65
328 219 1438
328 292 1265
329 73 834
329 146 1273
329 219 913
329 292 751
330 73 174
330 146 1326
330 219 275
330 292 136
331 73 808
331 146 705
331 219 110
331 292 290
332 73 1337
332 146 1215
332 219 677
332 292 729
333 73 529
333 146 967
333 219 99
333 292 717
334 73 245
334 146 654
334 219 670
334 292 758
335 73 1020
335 146 1106
335 219 1343
335 292 155
336 73 1171
336 146 43
336 219 1420
336 292 724
337 73 1315
337 146 1052
337 219 194
337 292 30
338 73 919
338 146 468
338 219 343
338 292 268
339 73 1172
339 146 630
339 219 557
339 292 1229
340 73 386
340 146 1412
340 219 677
340 292 915
341 73 920
341 146 954
341 219 173
341 292 1164
342 73 327
342 146 1020
342 219 641
342 292 66
343 73 668
343 146 525
343 219 221
343 292 558
344 73 745
344 146 360
344 219 1281
344 292 601
345 73 131
345 146 16
345 219 808
345 292 1049
346 73 661
346 146 1328
346 219 36
346 292 374
347 73 499
347 146 770
347 219 322
347 292 885
348 73 723
348 146 999
348 219 519
348 292 362
349 73 494
349 146 691
349 219 67
349 292 820
350 73 253
350 146 885
350 219 885
350 292 1098
351 73 1410
351 146 1283
351 219 197
351 292 874
352 73 362
352 146 19
352 219 17
352 292 492
353 73 212
353 146 1002
353 219 82
353 292 872
354 73 1050
354 146 295
354 219 1423
354 292 90
355 73 1065
355 146 287
355 219 1152
355 292 329
356 73 5
356 146 212
356 219 691
356 292 498
357 73 1081
357 146 935
357 219 37
357 292 53
358 73 362
358 146 921
358 219 1150
358 292 491
359 73 924
359 146 1346
359 219 1364
359 292 5
360 73 84
360 146 100
360 219 497
360 292 295
361 73 1102
361 146 756
361 219 1344
361 292 871
362 73 1051
362 146 1308
362 219 960
362 292 657
363 73 314
363 146 832
363 219 1163
363 292 318
364 73 1221
364 146 395
364 219 993
364 292 843
365 73 50
365 146 1029
365 219 895
365 292 411
365 365 670
365 366 586
365 367 1079
365 368 313
365 369 651
365 370 1162
365 371 317
365 372 734
365 373 1262
365 374 813
365 375 1028
365 376 1083
365 377 289
365 378 1091
365 379 495
365 380 1339
365 381 1119
365 382 174
365 383 715
365 384 1432
365 385 1183
365 386 419
365 387 470
365 388 946
365 389 992
365 390 182
365 391 508
365 392 1041
365 393 1211
365 394 1403
365 395 171
365 396 600
365 397 708
365 398 1249
365 399 912
365 400 79
365 401 952
365 402 1406
365 403 812
365 404 933
365 405 761
365 406 560
365 407 557
365 408 1227
365 409 192
365 410 1229
365 411 1107
365 412 1310
365 413 123
365 414 363
365 415 4
365 416 1305
365 417 781
365 418 651
365 419 792
365 420 314
365 421 832
365 422 1300
365 423 74
365 424 584
365 425 1422
365 426 244
365 427 1361
365 428 849
365 429 212
365 430 992
365 431 927
365 432 1342
365 433 940
365 434 459
365 435 816
365 436 420
365 437 1018
365 438 93
365 439 188
365 440 1387
365 441 41
365 442 1294
365 443 1239
365 444 163
365 445 376
365 446 1420
365 447 10
365 448 1334
365 449 612
365 450 979
365 451 190
365 452 1443
365 453 998
365 454 441
365 455 747
365 456 961
365 457 685
365 458 649
365 459 530
365 460 896
365 461 361
365 462 1456
365 463 779
365 464 1300
365 465 634
365 466 315
365 467 261
365 468 193
365 469 585
365 470 448
365 471 122
365 472 625
365 473 461
365 474 80
365 475 788
365 476 836
365 477 219
365 478 975
365 479 711
365 480 830
365 481 495
365 482 1078
365 483 992
365 484 35
365 485 61
365 486 280
365 487 1173
365 488 923
365 489 1107
365 490 244
365 491 360
365 492 187
365 493 420
365 494 1317
365 495 28
365 496 1053
365 497 351
365 498 466
365 499 1424
365 500 935
365 501 913
365 502 265
365 503 279
365 504 93
365 505 522
365 506 1066
365 507 928
365 508 740
365 509 582
365 510 358
365 511 111
365 512 1255
365 513 156
365 514 1280
365 515 9
365 516 216
365 517 280
365 518 1181
365 519 1138
365 520 106
365 521 145
365 522 217
365 523 292
366 73 564
366 146 253
366 219 319
366 292 336
366 365 781
367 73 784
367 146 479
367 219 257
367 292 416
367 365 743
368 73 536
368 146 508
368 219 1264
368 292 321
368 365 155
369 73 723
369 146 1081
369 219 690
369 292 1011
369 365 1055
370 73 845
370 146 833
370 219 1063
370 292 1238
370 365 1112
371 73 785
371 146 1095
371 219 1217
371 292 929
371 365 1312
372 73 50
372 146 212
372 219 284
372 292 546
372 365 726
373 73 1065
373 146 49
373 219 1204
373 292 41
373 365 464
374 73 667
374 146 754
374 219 1149
374 292 650
374 365 1075
375 73 1303
375 146 1373
375 219 875
375 292 534
375 365 1103
376 73 471
376 146 99
376 219 477
376 292 75
376 365 1336
377 73 308
377 146 1037
377 219 973
377 292 244
377 365 686
378 73 1004
378 146 471
378 219 897
378 292 7
378 365 1016
379 73 342
379 146 1071
379 219 1064
379 292 266
379 365 1290
380 73 247
380 146 1110
380 219 585
380 292 1395
380 365 301
381 73 379
381 146 1417
381 219 393
381 292 1253
381 365 493
382 73 38
382 146 443
382 219 769
382 292 692
382 365 517
383 73 646
383 146 1000
383 219 274
383 292 338
383 365 1421
384 73 959
384 146 61
384 219 434
384 292 575
384 365 68
385 73 169
385 146 917
385 219 1316
385 292 1411
385 365 1182
386 73 1147
386 146 199
386 219 833
386 292 452
386 365 314
387 73 1311
387 146 830
387 219 272
387 292 246
387 365 803
388 73 942
388 146 461
388 219 1423
388 292 252
388 365 1330
389 73 660
389 146 1076
389 219 871
389 292 933
389 365 1413
390 73 1012
390 146 433
390 219 16
390 292 1445
390 365 1007
391 73 261
391 146 333
391 219 465
391 292 118
391 365 285
392 73 366
392 146 1443
392 219 662
392 292 1376
392 365 436
393 73 975
393 146 1229
393 219 1443
393 292 1424
393 365 194
394 73 965
394 146 908
394 219 832
394 292 930
394 365 1337
395 73 703
395 146 131
395 219 954
395 292 294
395 365 1063
396 73 909
396 146 1305
396 219 37
396 292 1102
396 365 11
397 73 1221
397 146 1362
397 219 343
397 292 228
397 365 199
398 73 628
398 146 771
398 219 183
398 292 9
398 365 689
399 73 796
399 146 1161
399 219 637
399 292 781
399 365 1126
400 73 830
400 146 465
400 219 753
400 292 381
400 365 1394
401 73 632
401 146 1083
401 219 244
401 292 127
401 365 1376
402 73 1306
402 146 1213
402 219 1400
402 292 62
402 365 1034
403 73 1410
403 146 1283
403 219 1115
403 292 295
403 365 230
404 73 1314
404 146 1100
404 219 1178
404 292 38
404 365 1286
405 73 408
405 146 834
405 219 988
405 292 1222
405 365 334
406 73 833
406 146 771
406 219 798
406 292 128
406 365 1151
407 73 734
407 146 937
407 219 954
407 292 1155
407 365 1241
408 73 871
408 146 1003
408 219 1174
408 292 991
408 365 1242
409 73 749
409 146 942
409 219 1244
409 292 406
409 365 1414
410 73 193
410 146 261
410 219 1233
410 292 1371
410 365 476
411 73 1238
411 146 498
411 219 29
411 292 767
411 365 262
412 73 362
412 146 320
412 219 1210
412 292 1338
412 365 447
413 73 903
413 146 791
413 219 103
413 292 398
413 365 487
414 73 1343
414 146 1446
414 219 31
414 292 1236
414 365 978
415 73 1451
415 146 527
415 219 640
415 292 1414
415 365 1110
416 73 773
416 146 149
416 219 90
416 292 726
416 365 239
417 73 565
417 146 505
417 219 736
417 292 772
417 365 1272
418 73 1175
418 146 1133
418 219 311
418 292 927
418 365 1012
419 73 757
419 146 549
419 219 344
419 292 1037
419 365 946
420 73 831
420 146 1099
420 219 1111
420 292 1039
420 365 877
421 73 809
421 146 1209
421 219 1403
421 292 1448
421 365 1165
422 73 1232
422 146 940
422 219 33
422 292 1321
422 365 207
423 73 271
423 146 605
423 219 712
423 292 1184
423 365 1376
424 73 703
424 146 1079
424 219 1229
424 292 1013
424 365 725
425 73 960
425 146 489
425 219 1273
425 292 24
425 365 245
426 73 938
426 146 854
426 219 1343
426 292 768
426 365 612
427 73 761
427 146 118
427 219 541
427 292 883
427 365 285
428 73 247
428 146 656
428 219 1225
428 292 279
428 365 696
429 73 1431
429 146 727
429 219 1301
429 292 862
429 365 452
430 73 1396
430 146 284
430 219 72
430 292 1166
430 365 16
431 73 974
431 146 668
431 219 682
431 292 788
431 365 869
432 73 926
432 146 445
432 219 442
432 292 811
432 365 1213
433 73 1053
433 146 113
433 219 50
433 292 313
433 365 996
434 73 335
434 146 559
434 219 371
434 292 101
434 365 1015
435 73 1067
435 146 251
435 219 461
435 292 1087
435 365 1291
436 73 913
436 146 1024
436 219 116
436 292 1162
436 365 910
437 73 132
437 146 678
437 219 297
437 292 991
437 365 185
438 73 1165
438 146 459
438 219 808
438 292 148
438 365 1269
438 438 740
438 439 1378
438 440 101
438 441 789
438 442 233
438 443 1096
438 444 1123
438 445 969
438 446 187
438 447 1401
438 448 704
438 449 1253
438 450 194
438 451 1164
438 452 881
438 453 26
438 454 796
438 455 624
438 456 319
438 457 678
438 458 253
438 459 628
438 460 75
438 461 549
438 462 161
438 463 437
438 464 255
438 465 619
438 466 1244
438 467 580
438 468 607
438 469 703
438 470 500
438 471 707
438 472 34
438 473 910
438 474 345
438 475 1334
438 476 420
438 477 531
438 478 1277
438 479 1301
438 480 503
438 481 190
438 482 1007
438 483 103
438 484 215
438 485 522
438 486 904
438 487 711
438 488 1199
438 489 1157
438 490 1339
438 491 1273
438 492 247
438 493 219
438 494 252
438 495 680
438 496 837
438 497 215
438 498 1437
438 499 1443
438 500 918
438 501 478
438 502 691
438 503 1129
438 504 107
438 505 1213
438 506 1004
438 507 705
438 508 463
438 509 822
438 510 547
438 511 1143
438 512 1189
438 513 273
438 514 1245
438 515 1403
438 516 795
438 517 869
438 518 834
438 519 535
438 520 567
438 521 892
438 522 528
438 523 813
439 73 1110
439 146 957
439 219 212
439 292 666
439 365 1171
439 438 191
440 73 650
440 146 630
440 219 846
440 292 60
440 365 478
440 438 953
441 73 1451
441 146 24
441 219 199
441 292 633
441 365 1023
441 438 745
442 73 496
442 146 754
442 219 1018
442 292 460
442 365 876
442 438 532
443 73 1328
443 146 251
443 219 1066
443 292 436
443 365 1142
443 438 313
444 73 1427
444 146 971
444 219 1269
444 292 180
444 365 178
444 438 982
445 73 370
445 146 1005
445 219 331
445 292 1394
445 365 1065
445 438 809
446 73 888
446 146 1235
446 219 1010
446 292 1086
446 365 587
446 438 574
447 73 550
447 146 1082
447 219 1327
447 292 287
447 365 84
447 438 923
448 73 818
448 146 1411
448 219 1351
448 292 604
448 365 389
448 438 1035
449 73 916
449 146 535
449 219 547
449 292 727
449 365 714
449 438 903
450 73 428
450 146 1262
450 219 449
450 292 936
450 365 1197
450 438 233
451 73 464
451 146 626
451 219 9
451 292 15
451 365 431
451 438 596
452 73 767
452 146 1158
452 219 397
452 292 813
452 365 1445
452 438 480
453 73 277
453 146 804
453 219 611
453 292 170
453 365 127
453 438 999
454 73 1382
454 146 1043
454 219 75
454 292 648
454 365 489
454 438 966
455 73 92
455 146 1094
455 219 769
455 292 541
455 365 749
455 438 685
456 73 773
456 146 1213
456 219 30
456 292 960
456 365 1405
456 438 460
457 73 275
457 146 713
457 219 338
457 292 671
457 365 68
457 438 324
458 73 1151
458 146 344
458 219 1305
458 292 481
458 365 691
458 438 1432
459 73 199
459 146 614
459 219 1194
459 292 451
459 365 1262
459 438 402
460 73 1416
460 146 73
460 219 215
460 292 905
460 365 613
460 438 963
461 73 131
461 146 106
461 219 717
461 292 339
461 365 1065
461 438 664
462 73 976
462 146 1339
462 219 96
462 292 1313
462 365 551
462 438 163
463 73 178
463 146 421
463 219 685
463 292 25
463 365 901
463 438 1375
464 73 176
464 146 1099
464 219 709
464 292 89
464 365 91
464 438 690
465 73 490
465 146 227
465 219 762
465 292 882
465 365 1131
465 438 1375
466 73 386
466 146 1439
466 219 22
466 292 1281
466 365 319
466 438 1086
467 73 664
467 146 1295
467 219 1144
467 292 759
467 365 1149
467 438 236
468 73 922
468 146 47
468 219 835
468 292 326
468 365 249
468 438 277
469 73 242
469 146 424
469 219 96
469 292 1128
469 365 512
469 438 364
470 73 359
470 146 1179
470 219 590
470 292 1121
470 365 602
470 438 262
471 73 1215
471 146 1165
471 219 421
471 292 1414
471 365 987
471 438 739
472 73 1041
472 146 192
472 219 753
472 292 904
472 365 1129
472 438 444
473 73 1139
473 146 592
473 219 490
473 292 693
473 365 1095
473 438 738
474 73 1148
474 146 56
474 219 1339
474 292 1243
474 365 1184
474 438 570
475 73 148
475 146 84
475 219 468
475 292 738
475 365 1382
475 438 1247
476 73 1177
476 146 1138
476 219 953
476 292 139
476 365 1093
476 438 482
477 73 1056
477 146 853
477 219 851
477 292 350
477 365 298
477 438 521
478 73 793
478 146 157
478 219 1290
478 292 2
478 365 849
478 438 926
479 73 917
479 146 716
479 219 1160
479 292 975
479 365 500
479 438 885
480 73 264
480 146 826
480 219 968
480 292 731
480 365 283
480 438 1070
481 73 519
481 146 1
481 219 749
481 292 192
481 365 318
481 438 384
482 73 851
482 146 1373
482 219 1236
482 292 243
482 365 442
482 438 254
483 73 942
483 146 1413
483 219 410
483 292 951
483 365 1414
483 438 1436
484 73 597
484 146 1051
484 219 694
484 292 298
484 365 567
484 438 1371
485 73 1182
485 146 1009
485 219 738
485 292 869
485 365 281
485 438 1198
486 73 480
486 146 978
486 219 1377
486 292 1229
486 365 1169
486 438 236
487 73 332
487 146 561
487 219 328
487 292 287
487 365 981
487 438 769
488 73 718
488 146 642
488 219 723
488 292 1305
488 365 135
488 438 857
489 73 1283
489 146 731
489 219 449
489 292 696
489 365 1028
489 438 1193
490 73 786
490 146 929
490 219 921
490 292 244
490 365 339
490 438 1202
491 73 1441
491 146 997
491 219 899
491 292 1359
491 365 945
491 438 787
492 73 314
492 146 1276
492 219 1347
492 292 819
492 365 282
492 438 1047
493 73 130
493 146 1000
493 219 231
493 292 1030
493 365 846
493 438 365
494 73 428
494 146 848
494 219 1273
494 292 1054
494 365 263
494 438 842
495 73 967
495 146 1049
495 219 312
495 292 429
495 365 1292
495 438 828
496 73 350
496 146 1274
496 219 544
496 292 1248
496 365 1353
496 438 30
497 73 576
497 146 386
497 219 25
497 292 642
497 365 1205
497 438 485
498 73 231
498 146 1334
498 219 26
498 292 639
498 365 905
498 438 1049
499 73 1181
499 146 53
499 219 439
499 292 995
499 365 1284
499 438 701
500 73 378
500 146 792
500 219 291
500 292 867
500 365 1399
500 438 302
501 73 414
501 146 290
501 219 296
501 292 958
501 365 258
501 438 190
502 73 1165
502 146 1011
502 219 575
502 292 1368
502 365 195
502 438 321
503 73 394
503 146 603
503 219 374
503 292 419
503 365 1419
503 438 1457
504 73 9
504 146 1141
504 219 229
504 292 625
504 365 677
504 438 54
505 73 1326
505 146 1054
505 219 1024
505 292 336
505 365 640
505 438 964
506 73 638
506 146 1231
506 219 1431
506 292 1111
506 365 908
506 438 230
507 73 1300
507 146 615
507 219 1241
507 292 594
507 365 524
507 438 155
508 73 1093
508 146 917
508 219 757
508 292 186
508 365 55
508 438 717
509 73 184
509 146 63
509 219 399
509 292 590
509 365 866
509 438 1253
510 73 644
510 146 733
510 219 848
510 292 387
510 365 1246
510 438 207
511 73 1350
511 146 603
511 219 1437
511 292 42
511 365 255
511 438 887
511 511 272
511 512 274
511 513 221
511 514 232
511 515 1046
511 516 922
511 517 386
511 518 680
511 519 380
511 520 1320
511 521 865
511 522 434
511 523 756
512 73 1227
512 146 674
512 219 1154
512 292 358
512 365 81
512 438 948
512 511 1179
513 73 991
513 146 515
513 219 107
513 292 957
513 365 899
513 438 176
513 511 279
514 73 1055
514 146 218
514 219 534
514 292 661
514 365 667
514 438 985
514 511 881
515 73 898
515 146 572
515 219 344
515 292 3
515 365 1251
515 438 901
515 511 1322
516 73 836
516 146 54
516 219 619
516 292 782
516 365 906
516 438 492
516 511 1317
517 73 1164
517 146 159
517 219 1038
517 292 875
517 365 851
517 438 1322
517 511 373
518 73 469
518 146 218
518 219 651
518 292 65
518 365 613
518 438 1362
518 511 726
519 73 1457
519 146 889
519 219 326
519 292 896
519 365 2
519 438 848
519 511 1076
520 73 1431
520 146 290
520 219 939
520 292 808
520 365 522
520 438 277
520 511 131
521 73 1427
521 146 946
521 219 167
521 292 1132
521 365 1104
521 438 1204
521 511 726
522 73 674
522 146 1246
522 219 1098
522 292 1142
522 365 183
522 438 469
522 511 1384
523 73 973
523 146 550
523 219 651
523 292 971
523 365 1438
523 438 1155
523 511 408
524 73 160
524 146 544
524 219 25
524 292 132
524 365 1011
524 438 1141
524 511 1117
525 73 74
525 146 137
525 219 1425
525 292 220
525 365 1082
525 438 133
525 511 72
526 73 905
526 146 57
526 219 797
526 292 120
526 365 1302
526 438 437
526 511 1439
527 73 204
527 146 1083
527 219 1364
527 292 1176
527 365 174
527 438 735
527 511 688
528 73 332
528 146 431
528 219 1273
528 292 491
528 365 974
528 438 17
528 511 622
529 73 526
529 146 1335
529 219 280
529 292 778
529 365 13
529 438 246
529 511 997
530 73 1094
530 146 378
530 219 1068
530 292 718
530 365 612
530 438 407
530 511 1015
531 73 633
531 146 1021
531 219 995
531 292 836
531 365 645
531 438 1078
531 511 731
532 73 996
532 146 354
532 219 1418
532 292 1327
532 365 962
532 438 1410
532 511 359
533 73 477
533 146 1426
533 219 1158
533 292 1181
533 365 1302
533 438 157
533 511 500
534 73 34
534 146 580
534 219 216
534 292 1305
534 365 958
534 438 1284
534 511 564
535 73 289
535 146 410
535 219 298
535 292 922
535 365 1430
535 438 1292
535 511 299
536 73 794
536 146 1090
536 219 1030
536 292 331
536 365 163
536 438 1167
536 511 378
537 73 1125
537 146 1119
537 219 736
537 292 143
537 365 1264
537 438 614
537 511 43
538 73 1108
538 146 770
538 219 542
538 292 1319
538 365 1350
538 438 758
538 511 1166
539 73 1027
539 146 761
539 219 449
539 292 1315
539 365 1170
539 438 747
539 511 778
540 73 1319
540 146 758
540 219 1255
540 292 654
540 365 389
540 438 826
540 511 1162
541 73 552
541 146 712
541 219 81
541 292 218
541 365 372
541 438 995
541 511 538
542 73 178
542 146 150
542 219 581
542 292 5
542 365 919
542 438 1300
542 511 1323
543 73 988
543 146 777
543 219 1208
543 292 556
543 365 257
543 438 199
543 511 591
544 73 1426
544 146 945
544 219 1368
544 292 1286
544 365 244
544 438 1164
544 511 659
545 73 633
545 146 709
545 219 363
545 292 1362
545 365 1421
545 438 443
545 511 299
546 73 512
546 146 1437
546 219 836
546 292 689
546 365 306
546 438 136
546 511 871
547 73 1403
547 146 1436
547 219 914
547 292 932
547 365 932
547 438 663
547 511 208
548 73 1189
548 146 861
548 219 798
548 292 1334
548 365 347
548 438 707
548 511 1340
549 73 769
549 146 591
549 219 540
549 292 121
549 365 19
549 438 902
549 511 24
550 73 1439
550 146 65
550 219 322
550 292 671
550 365 221
550 438 1335
550 511 79
551 73 527
551 146 13
551 219 950
551 292 471
551 365 168
551 438 405
551 511 122
552 73 1277
552 146 1245
552 219 329
552 292 1007
552 365 826
552 438 1126
552 511 1061
553 73 1350
553 146 553
553 219 942
553 292 660
553 365 1321
553 438 23
553 511 780
554 73 1339
554 146 1103
554 219 981
554 292 40
554 365 1167
554 438 1302
554 511 710
555 73 107
555 146 1357
555 219 788
555 292 633
555 365 89
555 438 457
555 511 1281
556 73 434
556 146 1039
556 219 123
556 292 252
556 365 826
556 438 451
556 511 1437
557 73 193
557 146 297
557 219 1039
557 292 262
557 365 1027
557 438 522
557 511 922
558 73 1067
558 146 544
558 219 243
558 292 1125
558 365 366
558 438 1402
558 511 1164
559 73 74
559 146 1423
559 219 593
559 292 181
559 365 1321
559 438 101
559 511 991
560 73 1409
560 146 557
560 219 992
560 292 384
560 365 316
560 438 1114
560 511 814
561 73 1141
561 146 284
561 219 792
561 292 53
561 365 758
561 438 550
561 511 314
562 73 504
562 146 1071
562 219 1413
562 292 112
562 365 334
562 438 376
562 511 1415
563 73 700
563 146 319
563 219 1298
563 292 951
563 365 283
563 438 433
563 511 1309
564 73 324
564 146 711
564 219 1020
564 292 274
564 365 1267
564 438 553
564 511 836
565 73 124
565 146 386
565 219 369
565 292 1442
565 365 847
565 438 1160
565 511 214
566 73 325
566 146 429
566 219 706
566 292 1006
566 365 41
566 438 838
566 511 1296
567 73 552
567 146 1213
567 219 1252
567 292 1429
567 365 251
567 438 1091
567 511 922
568 73 534
568 146 243
568 219 950
568 292 857
568 365 953
568 438 511
568 511 1308
569 73 940
569 146 1241
569 219 863
569 292 1241
569 365 168
569 438 1231
569 511 1403
570 73 1193
570 146 1110
570 219 158
570 292 237
570 365 80
570 438 1041
570 511 1242
571 73 298
571 146 599
571 219 1079
571 292 850
571 365 353
571 438 872
571 511 820
572 73 604
572 146 505
572 219 461
572 292 1315
572 365 925
572 438 1411
572 511 891
573 73 420
573 146 463
573 219 918
573 292 1359
573 365 246
573 438 323
573 511 1141
574 73 591
574 146 273
574 219 1085
574 292 503
574 365 1383
574 438 1421
574 511 739
575 73 182
575 146 1181
575 219 523
575 292 480
575 365 321
575 438 321
575 511 49
576 73 852
576 146 1193
576 219 1046
576 292 175
576 365 417
576 438 49
576 511 31
577 73 1341
577 146 179
577 219 1099
577 292 480
577 365 641
577 438 558
577 511 380
578 73 1064
578 146 1058
578 219 63
578 292 375
578 365 1331
578 438 1325
578 511 877
579 73 1255
579 146 1287
579 219 336
579 292 156
579 365 1188
579 438 1036
579 511 635
580 73 50
580 146 1356
580 219 683
580 292 901
580 365 1268
580 438 271
580 511 1075
581 73 226
581 146 497
581 219 1283
581 292 287
581 365 675
581 438 923
581 511 766
582 73 35
582 146 201
582 219 1146
582 292 1099
582 365 1258
582 438 1386
582 511 193
583 73 1130
583 146 1430
583 219 1247
583 292 1104
583 365 1437
583 438 124
583 511 1260
584 73 1166
584 146 1159
584 219 614
584 292 1393
584 365 1235
584 438 17
584 511 836
585 73 1044
585 146 465
585 219 630
585 292 1448
585 365 961
585 438 633
585 511 276
586 73 355
586 146 97
586 219 1041
586 292 389
586 365 475
586 438 906
586 511 207
587 73 275
587 146 1011
587 219 399
587 292 124
587 365 1161
587 438 188
587 511 1406
588 73 1139
588 146 489
588 219 1207
588 292 1024
588 365 368
588 438 540
588 511 958
589 73 144
589 146 556
589 219 513
589 292 1187
589 365 1020
589 438 1321
589 511 1176
590 73 700
590 146 495
590 219 171
590 292 1054
590 365 769
590 438 1390
590 511 163
591 73 1244
591 146 837
591 219 369
591 292 60
591 365 568
591 438 946
591 511 361
592 73 270
592 146 1311
592 219 308
592 292 128
592 365 519
592 438 234
592 511 1151
593 73 886
593 146 774
593 219 650
593 292 1029
593 365 49
593 438 1341
593 511 936
594 73 1069
594 146 1203
594 219 831
594 292 488
594 365 239
594 438 1180
594 511 262
595 73 1007
595 146 1111
595 219 424
595 292 792
595 365 667
595 438 970
595 511 1029
596 73 1412
596 146 635
596 219 1390
596 292 223
596 365 487
596 438 417
596 511 350
597 73 1184
597 146 651
597 219 220
597 292 611
597 365 1424
597 438 870
597 511 360
598 73 14
598 146 752
598 219 15
598 292 1260
598 365 496
598 438 1023
598 511 290
599 73 912
599 146 744
599 219 551
599 292 460
599 365 396
599 438 1152
599 511 1252
600 73 1241
600 146 663
600 219 1000
600 292 1194
600 365 18
600 438 931
600 511 137
601 73 682
601 146 1348
601 219 664
601 292 407
601 365 718
601 438 884
601 511 1018
602 73 683
602 146 473
602 219 97
602 292 874
602 365 1402
602 438 111
602 511 854
603 73 617
603 146 1133
603 219 1321
603 292 70
603 365 419
603 438 591
603 511 529
604 73 992
604 146 284
604 219 500
604 292 774
604 365 1124
604 438 42
604 511 510
605 73 1141
605 146 1150
605 219 646
605 292 543
605 365 1217
605 438 1309
605 511 949
606 73 476
606 146 912
606 219 508
606 292 1158
606 365 1384
606 438 604
606 511 752
607 73 1327
607 146 892
607 219 325
607 292 485
607 365 567
607 438 187
607 511 554
608 73 1163
608 146 777
608 219 1261
608 292 696
608 365 1238
608 438 302
608 511 190
609 73 1081
609 146 521
609 219 699
609 292 942
609 365 213
609 438 64
609 511 26
610 73 1429
610 146 92
610 219 974
610 292 447
610 365 1004
610 438 202
610 511 324
611 73 929
611 146 983
611 219 1253
611 292 976
611 365 417
611 438 119
611 511 2
612 73 1161
612 146 305
612 219 734
612 292 865
612 365 1259
612 438 536
612 511 102
613 73 1216
613 146 1015
613 219 291
613 292 1017
613 365 78
613 438 1167
613 511 500
614 73 290
614 146 1408
614 219 703
614 292 438
614 365 42
614 438 396
614 511 884
615 73 1223
615 146 597
615 219 1386
615 292 871
615 365 300
615 438 1180
615 511 388
616 73 716
616 146 1299
616 219 568
616 292 596
616 365 323
616 438 21
616 511 2
617 73 302
617 146 556
617 219 281
617 292 237
617 365 290
617 438 750
617 511 1253
618 73 367
618 146 458
618 219 472
618 292 834
618 365 586
618 438 1352
618 511 1450
619 73 805
619 146 290
619 219 875
619 292 569
619 365 1064
619 438 980
619 511 159
620 73 1363
620 146 702
620 219 725
620 292 798
620 365 720
620 438 12
620 511 1393
621 73 1220
621 146 32
621 219 114
621 292 63
621 365 765
621 438 395
621 511 478
622 73 1054
622 146 1144
622 219 450
622 292 141
622 365 321
622 438 922
622 511 1152
623 73 1084
623 146 993
623 219 1143
623 292 430
623 365 1282
623 438 738
623 511 1176
624 73 888
624 146 259
624 219 55
624 292 970
624 365 1138
624 438 779
624 511 310
625 73 399
625 146 790
625 219 422
625 292 161
625 365 821
625 438 536
625 511 401
626 73 127
626 146 1108
626 219 878
626 292 1358
626 365 793
626 438 1328
626 511 40
627 73 1291
627 146 969
627 219 1370
627 292 917
627 365 503
627 438 1054
627 511 66
628 73 327
628 146 511
628 219 1420
628 292 1392
628 365 770
628 438 16
628 511 903
629 73 627
629 146 794
629 219 1390
629 292 1026
629 365 303
629 438 354
629 511 1186
630 73 1123
630 146 1067
630 219 128
630 292 1427
630 365 716
630 438 1006
630 511 1326
631 73 228
631 146 1053
631 219 86
631 292 238
631 365 563
631 438 1455
631 511 1332
632 73 1065
632 146 1228
632 219 1398
632 292 111
632 365 459
632 438 79
632 511 44
633 73 1406
633 146 94
633 219 1125
633 292 574
633 365 887
633 438 1056
633 511 141
634 73 1367
634 146 129
634 219 46
634 292 1031
634 365 1195
634 438 174
634 511 1177
635 73 630
635 146 1357
635 219 1222
635 292 857
635 365 1129
635 438 1307
635 511 1273
636 73 233
636 146 23
636 219 1146
636 292 17
636 365 1429
636 438 1263
636 511 128
637 73 429
637 146 1341
637 219 349
637 292 554
637 365 154
637 438 15
637 511 1127
638 73 1218
638 146 1249
638 219 1268
638 292 1126
638 365 1377
638 438 1313
638 511 876
639 73 1292
639 146 206
639 219 594
639 292 463
639 365 282
639 438 358
639 511 40
640 73 1410
640 146 384
640 219 32
640 292 362
640 365 585
640 438 1177
640 511 379
641 73 733
641 146 1160
641 219 684
641 292 1339
641 365 1220
641 438 1032
641 511 434
642 73 1374
642 146 1225
642 219 102
642 292 1133
642 365 1015
642 438 89
642 511 801
643 73 1111
643 146 122
643 219 218
643 292 944
643 365 505
643 438 990
643 511 127
644 73 787
644 146 1347
644 219 344
644 292 916
644 365 450
644 438 375
644 511 1278
645 73 1034
645 146 93
645 219 198
645 292 486
645 365 1430
645 438 881
645 511 366
646 73 1192
646 146 632
646 219 799
646 292 1285
646 365 576
646 438 1079
646 511 959
647 73 310
647 146 1167
647 219 479
647 292 1421
647 365 8
647 438 697
647 511 1084
648 73 513
648 146 406
648 219 1388
648 292 19
648 365 472
648 438 273
648 511 934
649 73 921
649 146 647
649 219 753
649 292 675
649 365 918
649 438 950
649 511 1160
650 73 889
650 146 550
650 219 68
650 292 800
650 365 1360
650 438 866
650 511 626
651 73 477
651 146 486
651 219 127
651 292 965
651 365 373
651 438 783
651 511 927
652 73 380
652 146 199
652 219 730
652 292 1070
652 365 604
652 438 660
652 511 1088
653 73 1075
653 146 1110
653 219 564
653 292 538
653 365 299
653 438 1316
653 511 1390
654 73 1216
654 146 986
654 219 1091
654 292 824
654 365 255
654 438 1158
654 511 166
655 73 334
655 146 744
655 219 791
655 292 811
655 365 1407
655 438 1095
655 511 317
656 73 321
656 146 420
656 219 1421
656 292 879
656 365 618
656 438 870
656 511 490
657 73 1222
657 146 249
657 219 120
657 292 838
657 365 1359
657 438 861
657 511 95
658 73 377
658 146 718
658 219 26
658 292 134
658 365 423
658 438 1117
658 511 957
659 73 856
659 146 994
659 219 1300
659 292 1189
659 365 457
659 438 633
659 511 719
660 73 406
660 146 447
660 219 1035
660 292 904
660 365 866
660 438 1175
660 511 502
661 73 204
661 146 765
661 219 1170
661 292 1425
661 365 1013
661 438 1289
661 511 982
662 73 1091
662 146 869
662 219 1255
662 292 9
662 365 306
662 438 1280
662 511 142
663 73 729
663 146 1116
663 219 1277
663 292 304
663 365 830
663 438 1118
663 511 34
664 73 1286
664 146 470
664 219 753
664 292 411
664 365 917
664 438 507
664 511 35
665 73 502
665 146 402
665 219 714
665 292 705
665 365 1166
665 438 425
665 511 849
666 73 898
666 146 433
666 219 551
666 292 531
666 365 1301
666 438 347
666 511 539
667 73 149
667 146 168
667 219 859
667 292 1055
667 365 4
667 438 855
667 511 1358
668 73 833
668 146 692
668 219 1391
668 292 838
668 365 1162
668 438 863
668 511 1427
669 73 798
669 146 1370
669 219 3
669 292 1299
669 365 491
669 438 716
669 511 724
670 73 198
670 146 1319
670 219 114
670 292 1273
670 365 293
670 438 664
670 511 345
671 73 136
671 146 1010
671 219 1062
671 292 284
671 365 1356
671 438 462
671 511 1338
672 73 1359
672 146 36
672 219 1415
672 292 911
672 365 727
672 438 1347
672 511 290
673 73 608
673 146 930
673 219 258
673 292 1405
673 365 1019
673 438 438
673 511 1424
674 73 51
674 146 1332
674 219 689
674 292 426
674 365 1192
674 438 980
674 511 240
675 73 204
675 146 186
675 219 585
675 292 339
675 365 1373
675 438 366
675 511 800
676 73 1448
676 146 1005
676 219 857
676 292 68
676 365 1040
676 438 813
676 511 978
677 73 308
677 146 880
677 219 1446
677 292 916
677 365 351
677 438 423
677 511 1040
678 73 1369
678 146 1039
678 219 1005
678 292 1419
678 365 912
678 438 235
678 511 386
679 73 823
679 146 1393
679 219 803
679 292 1026
679 365 120
679 438 107
679 511 85
680 73 212
680 146 472
680 219 884
680 292 380
680 365 18
680 438 283
680 511 447
681 73 1235
681 146 1273
681 219 145
681 292 263
681 365 694
681 438 310
681 511 1356
682 73 1044
682 146 910
682 219 937
682 292 1132
682 365 490
682 438 662
682 511 1092
683 73 121
683 146 1074
683 219 197
683 292 943
683 365 1008
683 438 1178
683 511 689
684 73 1305
684 146 1284
684 219 773
684 292 59
684 365 298
684 438 376
684 511 438
685 73 493
685 146 836
685 219 1062
685 292 448
685 365 651
685 438 1206
685 511 710
686 73 64
686 146 235
686 219 607
686 292 1286
686 365 1145
686 438 263
686 511 959
687 73 176
687 146 924
687 219 771
687 292 475
687 365 540
687 438 1145
687 511 137
688 73 89
688 146 864
688 219 825
688 292 1394
688 365 690
688 438 317
688 511 172
689 73 1165
689 146 693
689 219 787
689 292 377
689 365 70
689 438 568
689 511 824
690 73 720
690 146 494
690 219 253
690 292 784
690 365 728
690 438 1037
690 511 789
691 73 414
691 146 1300
691 219 289
691 292 768
691 365 943
691 438 1059
691 511 1242
692 73 202
692 146 924
692 219 98
692 292 291
692 365 329
692 438 923
692 511 404
693 73 1196
693 146 1417
693 219 753
693 292 902
693 365 651
693 438 259
693 511 1457
694 73 721
694 146 826
694 219 822
694 292 160
694 365 1319
694 438 1253
694 511 1121
695 73 589
695 146 831
695 219 451
695 292 1180
695 365 850
695 438 918
695 511 489
696 73 335
696 146 696
696 219 450
696 292 536
696 365 161
696 438 726
696 511 1004
697 73 490
697 146 368
697 219 127
697 292 405
697 365 326
697 438 879
697 511 27
698 73 977
698 146 1137
698 219 25
698 292 417
698 365 683
698 438 1024
698 511 754
699 73 543
699 146 818
699 219 417
699 292 1309
699 365 191
699 438 1045
699 511 1031
700 73 1040
700 146 504
700 219 239
700 292 94
700 365 1200
700 438 867
700 511 630
701 73 1360
701 146 134
701 219 353
701 292 569
701 365 501
701 438 480
701 511 1152
702 73 826
702 146 1358
702 219 1178
702 292 522
702 365 1215
702 438 1202
702 511 938
703 73 439
703 146 767
703 219 412
703 292 1159
703 365 305
703 438 828
703 511 1010
704 73 673
704 146 414
704 219 582
704 292 432
704 365 1096
704 438 820
704 511 526
705 73 837
705 146 228
705 219 1333
705 292 916
705 365 539
705 438 227
705 511 205
706 73 1039
706 146 884
706 219 1356
706 292 585
706 365 962
706 438 1253
706 511 1106
707 73 718
707 146 996
707 219 764
707 292 1334
707 365 482
707 438 1175
707 511 1034
708 73 964
708 146 722
708 219 585
708 292 178
708 365 1313
708 438 1344
708 511 610
709 73 1128
709 146 706
709 219 1135
709 292 506
709 365 1111
709 438 1187
709 511 142
710 73 370
710 146 133
710 219 524
710 292 1408
710 365 1017
710 438 599
710 511 712
711 73 520
711 146 393
711 219 538
711 292 1415
711 365 108
711 438 1301
711 511 1290
712 73 589
712 146 1195
712 219 1043
712 292 95
712 365 636
712 438 170
712 511 450
713 73 668
713 146 55
713 219 1059
713 292 338
713 365 938
713 438 913
713 511 1021
714 73 769
714 146 641
714 219 1162
714 292 1138
714 365 952
714 438 405
714 511 1265
715 73 510
715 146 1003
715 219 519
715 292 1029
715 365 115
715 438 1056
715 511 985
716 73 222
716 146 1076
716 219 994
716 292 811
716 365 990
716 438 578
716 511 1083
717 73 345
717 146 925
717 219 74
717 292 1012
717 365 1158
717 438 1311
717 511 1349
718 73 815
718 146 943
718 219 912
718 292 125
718 365 304
718 438 793
718 511 1440
719 73 1255
719 146 1198
719 219 1425
719 292 306
719 365 920
719 438 485
719 511 54
720 73 1035
720 146 260
720 219 1216
720 292 1434
720 365 55
720 438 751
720 511 786
721 73 1222
721 146 48
721 219 588
721 292 108
721 365 973
721 438 840
721 511 1119
722 73 672
722 146 870
722 219 1188
722 292 206
722 365 354
722 438 641
722 511 509
723 73 657
723 146 153
723 219 490
723 292 631
723 365 70
723 438 456
723 511 1114
724 73 990
724 146 1118
724 219 1167
724 292 744
724 365 97
724 438 924
724 511 719
725 73 151
725 146 394
725 219 225
725 292 1372
725 365 442
725 438 990
725 511 199
726 73 134
726 146 549
726 219 1318
726 292 983
726 365 1418
726 438 1047
726 511 1188
727 73 492
727 146 407
727 219 238
727 292 1326
727 365 559
727 438 906
727 511 499
728 73 629
728 146 81
728 219 154
728 292 338
728 365 1377
728 438 1321
728 511 1259
729 73 15
729 146 964
729 219 697
729 292 344
729 365 78
729 438 921
729 511 435
730 73 519
730 146 631
730 219 634
730 292 830
730 365 1179
730 438 671
730 511 354
731 73 1139
731 146 437
731 219 261
731 292 172
731 365 843
731 438 499
731 511 39
732 73 121
732 146 124
732 219 715
732 292 927
732 365 204
732 438 869
732 511 1442
733 73 300
733 146 909
733 219 1420
733 292 315
733 365 592
733 438 659
733 511 836
734 73 669
734 146 299
734 219 1270
734 292 1187
734 365 929
734 438 445
734 511 558
735 73 650
735 146 1293
735 219 1089
735 292 508
735 365 271
735 438 1350
735 511 857
736 73 1291
736 146 568
736 219 1073
736 292 132
736 365 691
736 438 330
736 511 1058
737 73 1072
737 146 1376
737 219 1220
737 292 1372
737 365 826
737 438 1181
737 511 406
738 73 1417
738 146 559
738 219 1241
738 292 806
738 365 858
738 438 1052
738 511 534
739 73 506
739 146 217
739 219 1270
739 292 1333
739 365 51
739 438 1078
739 511 382
740 73 322
740 146 969
740 219 1416
740 292 154
740 365 256
740 438 1031
740 511 285
741 73 1124
741 146 80
741 219 63
741 292 738
741 365 175
741 438 2
741 511 829
742 73 1178
742 146 1360
742 219 1234
742 292 1136
742 365 461
742 438 1016
742 511 661
743 73 38
743 146 787
743 219 1195
743 292 543
743 365 1003
743 438 1184
743 511 418
744 73 1054
744 146 981
744 219 977
744 292 1375
744 365 670
744 438 935
744 511 248
745 73 925
745 146 685
745 219 711
745 292 591
745 365 942
745 438 951
745 511 48
746 73 1116
746 146 1130
746 219 876
746 292 835
746 365 1031
746 438 651
746 511 690
747 73 211
747 146 386
747 219 1351
747 292 248
747 365 1172
747 438 1265
747 511 791
748 73 717
748 146 1168
748 219 1208
748 292 490
748 365 690
748 438 726
748 511 584
749 73 1359
749 146 380
749 219 831
749 292 1004
749 365 1064
749 438 261
749 511 136
750 73 725
750 146 1389
750 219 183
750 292 382
750 365 1060
750 438 1236
750 511 1216
751 73 633
751 146 428
751 219 448
751 292 843
751 365 991
751 438 518
751 511 1091
752 73 704
752 146 324
752 219 601
752 292 1420
752 365 33
752 438 528
752 511 451
753 73 722
753 146 1431
753 219 1212
753 292 801
753 365 353
753 438 585
753 511 346
754 73 136
754 146 1023
754 219 481
754 292 861
754 365 954
754 438 841
754 511 1242
755 73 555
755 146 618
755 219 1178
755 292 1365
755 365 1223
755 438 345
755 511 750
756 73 755
756 146 862
756 219 560
756 292 178
756 365 1185
756 438 1338
756 511 318
757 73 1395
757 146 407
757 219 946
757 292 836
757 365 379
757 438 700
757 511 178
758 73 909
758 146 1284
758 219 523
758 292 1045
758 365 1026
758 438 1181
758 511 625
759 73 521
759 146 741
759 219 408
759 292 1076
759 365 78
759 438 305
759 511 1160
760 73 1300
760 146 649
760 219 451
760 292 774
760 365 52
760 438 1188
760 511 952
761 73 1414
761 146 1067
761 219 1269
761 292 1350
761 365 15
761 438 934
761 511 728
762 73 572
762 146 175
762 219 905
762 292 22
762 365 178
762 438 148
762 511 1066
763 73 1204
763 146 48
763 219 232
763 292 266
763 365 789
763 438 818
763 511 61
764 73 866
764 146 1122
764 219 1221
764 292 886
764 365 491
764 438 391
764 511 201
765 73 542
765 146 299
765 219 1330
765 292 676
765 365 1365
765 438 1318
765 511 567
766 73 100
766 146 794
766 219 14
766 292 671
766 365 968
766 438 1097
766 511 692
767 73 1146
767 146 1244
767 219 478
767 292 891
767 365 1291
767 438 887
767 511 1334
768 73 799
768 146 424
768 219 115
768 292 207
768 365 266
768 438 55
768 511 1092
769 73 756
769 146 445
769 219 12
769 292 17
769 365 743
769 438 62
769 511 692
770 73 828
770 146 1379
770 219 1437
770 292 927
770 365 892
770 438 1450
770 511 317
771 73 402
771 146 1088
771 219 1186
771 292 267
771 365 1051
771 438 205
771 511 1335
772 73 1062
772 146 1270
772 219 1210
772 292 402
772 365 235
772 438 44
772 511 786
773 73 678
773 146 98
773 219 597
773 292 1433
773 365 543
773 438 609
773 511 1450
774 73 5
774 146 848
774 219 861
774 292 832
774 365 768
774 438 839
774 511 478
775 73 380
775 146 1009
775 219 794
775 292 959
775 365 816
775 438 522
775 511 1225
776 73 587
776 146 904
776 219 1101
776 292 190
776 365 715
776 438 1030
776 511 769
777 73 1128
777 146 1252
777 219 97
777 292 347
777 365 1349
777 438 693
777 511 322
778 73 433
778 146 21
778 219 491
778 292 616
778 365 868
778 438 1351
778 511 1447
779 73 356
779 146 910
779 219 645
779 292 735
779 365 460
779 438 1438
779 511 235
780 73 1275
780 146 501
780 219 179
780 292 403
780 365 1405
780 438 1457
780 511 770
781 73 839
781 146 1206
781 219 81
781 292 508
781 365 999
781 438 355
781 511 1033
782 73 890
782 146 1225
782 219 1354
782 292 42
782 365 1424
782 438 564
782 511 657
783 73 833
783 146 634
783 219 824
783 292 1366
783 365 85
783 438 10
783 511 642
784 73 544
784 146 167
784 219 1054
784 292 539
784 365 846
784 438 1232
784 511 1119
785 73 970
785 146 1230
785 219 431
785 292 350
785 365 978
785 438 689
785 511 1036
786 73 518
786 146 1221
786 219 610
786 292 1407
786 365 987
786 438 683
786 511 169
787 73 952
787 146 1246
787 219 825
787 292 505
787 365 599
787 438 368
787 511 412
788 73 684
788 146 555
788 219 1232
788 292 1405
788 365 722
788 438 827
788 511 663
789 73 109
789 146 601
789 219 324
789 292 1078
789 365 550
789 438 932
789 511 147
790 73 247
790 146 162
790 219 1360
790 292 765
790 365 102
790 438 511
790 511 891
791 73 1088
791 146 1371
791 219 1059
791 292 760
791 365 1336
791 438 604
791 511 1264
792 73 477
792 146 1149
792 219 395
792 292 1160
792 365 246
792 438 168
792 511 1284
793 73 1145
793 146 1173
793 219 489
793 292 1253
793 365 493
793 438 812
793 511 1050
794 73 1042
794 146 463
794 219 1374
794 292 1289
794 365 624
794 438 1276
794 511 773
795 73 903
795 146 506
795 219 383
795 292 532
795 365 419
795 438 1442
795 511 11
796 73 474
796 146 765
796 219 1452
796 292 950
796 365 455
796 438 567
796 511 829
797 73 878
797 146 734
797 219 655
797 292 564
797 365 626
797 438 1321
797 511 536
798 73 1118
798 146 674
798 219 305
798 292 880
798 365 1136
798 438 221
798 511 888
799 73 479
799 146 216
799 219 202
799 292 1381
799 365 899
799 438 584
799 511 632
800 73 37
800 146 745
800 219 821
800 292 511
800 365 229
800 438 814
800 511 180
801 73 684
801 146 100
801 219 1009
801 292 103
801 365 834
801 438 383
801 511 845
802 73 179
802 146 245
802 219 1380
802 292 1297
802 365 1096
802 438 227
802 511 896
803 73 951
803 146 625
803 219 325
803 292 149
803 365 1018
803 438 704
803 511 249
804 73 458
804 146 7
804 219 1058
804 292 495
804 365 752
804 438 420
804 511 1005
805 73 1158
805 146 1412
805 219 1362
805 292 383
805 365 53
805 438 912
805 511 664
806 73 1064
806 146 14
806 219 50
806 292 1243
806 365 436
806 438 149
806 511 1259
807 73 73
807 146 375
807 219 874
807 292 1201
807 365 1177
807 438 1198
807 511 1349
808 73 736
808 146 621
808 219 139
808 292 1194
808 365 627
808 438 1197
808 511 408
809 73 98
809 146 158
809 219 132
809 292 1256
809 365 289
809 438 35
809 511 358
810 73 342
810 146 1125
810 219 1199
810 292 125
810 365 1138
810 438 1248
810 511 1367
811 73 294
811 146 117
811 219 1345
811 292 366
811 365 669
811 438 760
811 511 287
812 73 388
812 146 677
812 219 177
812 292 1301
812 365 1297
812 438 316
812 511 1214
813 73 644
813 146 232
813 219 163
813 292 919
813 365 567
813 438 472
813 511 716
814 73 856
814 146 507
814 219 1252
814 292 1375
814 365 173
814 438 992
814 511 41
815 73 30
815 146 960
815 219 128
815 292 323
815 365 1076
815 438 192
815 511 867
816 73 464
816 146 952
816 219 1153
816 292 851
816 365 170
816 438 1329
816 511 694
817 73 187
817 146 364
817 219 627
817 292 830
817 365 773
817 438 790
817 511 468
818 73 1340
818 146 1261
818 219 1362
818 292 915
818 365 487
818 438 1155
818 511 831
819 73 659
819 146 866
819 219 1049
819 292 867
819 365 545
819 438 1354
819 511 1189
820 73 340
820 146 88
820 219 597
820 292 804
820 365 1217
820 438 469
820 511 196
821 73 106
821 146 340
821 219 1067
821 292 292
821 365 881
821 438 236
821 511 1299
822 73 196
822 146 1203
822 219 309
822 292 255
822 365 1183
822 438 212
822 511 1169
823 73 212
823 146 86
823 219 719
823 292 1048
823 365 951
823 438 487
823 511 634
824 73 38
824 146 383
824 219 365
824 292 377
824 365 648
824 438 1139
824 511 1180
825 73 406
825 146 150
825 219 96
825 292 689
825 365 667
825 438 1340
825 511 1159
826 73 267
826 146 295
826 219 999
826 292 640
826 365 39
826 438 27
826 511 894
827 73 1400
827 146 416
827 219 604
827 292 153
827 365 679
827 438 1322
827 511 1378
828 73 350
828 146 529
828 219 554
828 292 565
828 365 1089
828 438 1096
828 511 1119
829 73 278
829 146 954
829 219 841
829 292 861
829 365 1281
829 438 1114
829 511 91
830 73 667
830 146 1173
830 219 1249
830 292 934
830 365 10
830 438 968
830 511 115
831 73 48
831 146 1172
831 219 1009
831 292 167
831 365 308
831 438 332
831 511 497
832 73 986
832 146 374
832 219 417
832 292 55
832 365 902
832 438 1148
832 511 619
833 73 532
833 146 785
833 219 280
833 292 809
833 365 458
833 438 1298
833 511 389
834 73 281
834 146 953
834 219 657
834 292 947
834 365 667
834 438 448
834 511 422
835 73 676
835 146 135
835 219 715
835 292 902
835 365 26
835 438 443
835 511 1246
836 73 333
836 146 774
836 219 285
836 292 39
836 365 1147
836 438 879
836 511 93
837 73 768
837 146 568
837 219 712
837 292 1299
837 365 72
837 438 1169
837 511 827
838 73 529
838 146 1008
838 219 1215
838 292 809
838 365 502
838 438 592
838 511 476
839 73 1346
839 146 1217
839 219 1075
839 292 742
839 365 1351
839 438 331
839 511 363
840 73 96
840 146 773
840 219 150
840 292 429
840 365 267
840 438 612
840 511 645
841 73 133
841 146 32
841 219 915
841 292 901
841 365 599
841 438 346
841 511 741
842 73 848
842 146 56
842 219 288
842 292 97
842 365 1063
842 438 222
842 511 905
843 73 284
843 146 813
843 219 100
843 292 350
843 365 571
843 438 1175
843 511 1091
844 73 641
844 146 47
844 219 173
844 292 737
844 365 998
844 438 500
844 511 1343
845 73 1264
845 146 1112
845 219 529
845 292 1396
845 365 1143
845 438 1443
845 511 838
846 73 462
846 146 509
846 219 299
846 292 1309
846 365 564
846 438 586
846 511 1405
847 73 169
847 146 985
847 219 1030
847 292 452
847 365 340
847 438 1129
847 511 801
848 73 910
848 146 1023
848 219 611
848 292 271
848 365 1070
848 438 961
848 511 1007
849 73 787
849 146 3
849 219 891
849 292 592
849 365 1292
849 438 139
849 511 707
850 73 976
850 146 301
850 219 265
850 292 157
850 365 809
850 438 741
850 511 186
851 73 1373
851 146 46
851 219 310
851 292 261
851 365 1030
851 438 59
851 511 712
852 73 1369
852 146 1188
852 219 233
852 292 999
852 365 752
852 438 1021
852 511 1269
853 73 541
853 146 524
853 219 995
853 292 1327
853 365 704
853 438 605
853 511 638
854 73 537
854 146 743
854 219 65
854 292 232
854 365 1043
854 438 329
854 511 567
855 73 572
855 146 1069
855 219 752
855 292 664
855 365 1292
855 438 1061
855 511 924
856 73 863
856 146 1120
856 219 355
856 292 952
856 365 1027
856 438 765
856 511 670
857 73 498
857 146 328
857 219 658
857 292 1217
857 365 1029
857 438 194
857 511 1263
858 73 452
858 146 798
858 219 443
858 292 1166
858 365 260
858 438 507
858 511 117
859 73 22
859 146 1013
859 219 683
859 292 593
859 365 801
859 438 1434
859 511 1256
860 73 634
860 146 1215
860 219 899
860 292 216
860 365 1054
860 438 1254
860 511 1167
861 73 800
861 146 560
861 219 378
861 292 17
861 365 1065
861 438 1213
861 511 1233
862 73 635
862 146 1406
862 219 1038
862 292 1086
862 365 923
862 438 200
862 511 971
863 73 1182
863 146 884
863 219 1088
863 292 1382
863 365 438
863 438 312
863 511 516
864 73 1238
864 146 466
864 219 492
864 292 591
864 365 400
864 438 1390
864 511 806
865 73 1453
865 146 1363
865 219 693
865 292 972
865 365 465
865 438 1248
865 511 988
866 73 71
866 146 1003
866 219 763
866 292 884
866 365 1128
866 438 520
866 511 689
867 73 771
867 146 897
867 219 202
867 292 672
867 365 322
867 438 1289
867 511 595
868 73 937
868 146 142
868 219 1289
868 292 894
868 365 607
868 438 322
868 511 26
869 73 1006
869 146 431
869 219 1009
869 292 1178
869 365 336
869 438 243
869 511 691
870 73 800
870 146 33
870 219 399
870 292 1048
870 365 1213
870 438 1161
870 511 473
871 73 882
871 146 400
871 219 1162
871 292 194
871 365 1296
871 438 83
871 511 866
872 73 337
872 146 1371
872 219 2
872 292 1273
872 365 54
872 438 10
872 511 708
873 73 839
873 146 331
873 219 733
873 292 564
873 365 940
873 438 461
873 511 462
874 73 1275
874 146 704
874 219 1330
874 292 794
874 365 736
874 438 270
874 511 561
875 73 490
875 146 150
875 219 1034
875 292 91
875 365 549
875 438 915
875 511 285
876 73 564
876 146 997
876 219 1328
876 292 900
876 365 1087
876 438 49
876 511 892
877 73 1318
877 146 59
877 219 141
877 292 698
877 365 567
877 438 1051
877 511 1440
878 73 48
878 146 54
878 219 443
878 292 1322
878 365 935
878 438 492
878 511 835
879 73 212
879 146 762
879 219 1396
879 292 879
879 365 911
879 438 1149
879 511 1147
880 73 180
880 146 783
880 219 151
880 292 743
880 365 499
880 438 20
880 511 363
881 73 127
881 146 247
881 219 1432
881 292 164
881 365 483
881 438 115
881 511 862
882 73 1049
882 146 1343
882 219 1021
882 292 1097
882 365 116
882 438 183
882 511 1138
883 73 1050
883 146 674
883 219 693
883 292 1439
883 365 1435
883 438 808
883 511 1037
884 73 888
884 146 498
884 219 726
884 292 1245
884 365 1458
884 438 876
884 511 707
885 73 498
885 146 1074
885 219 1247
885 292 802
885 365 1320
885 438 1221
885 511 965
886 73 344
886 146 55
886 219 546
886 292 112
886 365 1397
886 438 286
886 511 1208
887 73 55
887 146 468
887 219 1066
887 292 1104
887 365 1142
887 438 478
887 511 1263
888 73 1296
888 146 1285
888 219 841
888 292 903
888 365 324
888 438 108
888 511 689
889 73 501
889 146 984
889 219 1396
889 292 1176
889 365 777
889 438 1184
889 511 697
890 73 638
890 146 946
890 219 381
890 292 1159
890 365 1000
890 438 927
890 511 1270
891 73 1117
891 146 1212
891 219 1198
891 292 1349
891 365 400
891 438 983
891 511 1172
892 73 261
892 146 2
892 219 976
892 292 98
892 365 1286
892 438 359
892 511 1001
893 73 329
893 146 466
893 219 409
893 292 829
893 365 169
893 438 524
893 511 724
894 73 945
894 146 250
894 219 1420
894 292 302
894 365 1373
894 438 342
894 511 2
895 73 1093
895 146 1446
895 219 1450
895 292 929
895 365 1200
895 438 1367
895 511 819
896 73 319
896 146 891
896 219 532
896 292 579
896 365 1070
896 438 50
896 511 676
897 73 1075
897 146 408
897 219 396
897 292 1403
897 365 1051
897 438 805
897 511 951
898 73 1220
898 146 48
898 219 216
898 292 706
898 365 297
898 438 355
898 511 1008
899 73 390
899 146 696
899 219 1187
899 292 202
899 365 684
899 438 1356
899 511 1130
900 73 603
900 146 1264
900 219 668
900 292 921
900 365 874
900 438 1199
900 511 219
901 73 485
901 146 1426
901 219 894
901 292 101
901 365 553
901 438 10
901 511 223
902 73 146
902 146 992
902 219 1351
902 292 1365
902 365 1039
902 438 286
902 511 790
903 73 56
903 146 640
903 219 517
903 292 623
903 365 56
903 438 424
903 511 824
904 73 739
904 146 321
904 219 673
904 292 61
904 365 305
904 438 1340
904 511 981
905 73 1178
905 146 1258
905 219 1199
905 292 205
905 365 1404
905 438 812
905 511 483
906 73 498
906 146 999
906 219 884
906 292 643
906 365 532
906 438 776
906 511 727
907 73 291
907 146 1062
907 219 237
907 292 346
907 365 421
907 438 753
907 511 968
908 73 476
908 146 1354
908 219 511
908 292 1392
908 365 217
908 438 1361
908 511 1452
909 73 521
909 146 1420
909 219 1152
909 292 418
909 365 1397
909 438 1070
909 511 622
910 73 1342
910 146 424
910 219 1283
910 292 382
910 365 1422
910 438 708
910 511 1202
911 73 674
911 146 203
911 219 471
911 292 964
911 365 1442
911 438 707
911 511 29
912 73 583
912 146 179
912 219 1174
912 292 1058
912 365 75
912 438 226
912 511 992
913 73 469
913 146 128
913 219 1163
913 292 1167
913 365 267
913 438 857
913 511 126
914 73 205
914 146 468
914 219 926
914 292 89
914 365 1069
914 438 928
914 511 648
915 73 1211
915 146 355
915 219 391
915 292 426
915 365 557
915 438 861
915 511 109
916 73 719
916 146 287
916 219 137
916 292 1301
916 365 644
916 438 1310
916 511 1078
917 73 896
917 146 255
917 219 611
917 292 1364
917 365 560
917 438 494
917 511 1072
918 73 826
918 146 1350
918 219 1375
918 292 1030
918 365 359
918 438 842
918 511 1296
919 73 148
919 146 489
919 219 485
919 292 1358
919 365 843
919 438 876
919 511 325
920 73 1400
920 146 456
920 219 433
920 292 838
920 365 921
920 438 747
920 511 680
921 73 106
921 146 598
921 219 299
921 292 1001
921 365 1030
921 438 1088
921 511 1084
922 73 131
922 146 123
922 219 875
922 292 1134
922 365 192
922 438 791
922 511 705
923 73 728
923 146 353
923 219 721
923 292 875
923 365 841
923 438 1205
923 511 774
924 73 226
924 146 622
924 219 1276
924 292 345
924 365 1256
924 438 428
924 511 1182
925 73 718
925 146 1174
925 219 581
925 292 823
925 365 491
925 438 1057
925 511 543
926 73 62
926 146 864
926 219 168
926 292 370
926 365 1164
926 438 1042
926 511 45
927 73 1355
927 146 374
927 219 928
927 292 803
927 365 904
927 438 190
927 511 219
928 73 287
928 146 1394
928 219 1171
928 292 690
928 365 736
928 438 988
928 511 1212
929 73 533
929 146 1416
929 219 935
929 292 1250
929 365 1131
929 438 235
929 511 792
930 73 342
930 146 1291
930 219 1334
930 292 403
930 365 697
930 438 43
930 511 951
931 73 402
931 146 1084
931 219 995
931 292 477
931 365 177
931 438 642
931 511 1279
932 73 1081
932 146 831
932 219 39
932 292 87
932 365 945
932 438 1209
932 511 776
933 73 222
933 146 917
933 219 707
933 292 754
933 365 874
933 438 361
933 511 723
934 73 724
934 146 595
934 219 56
934 292 1065
934 365 605
934 438 1389
934 511 188
935 73 1301
935 146 151
935 219 1138
935 292 423
935 365 1234
935 438 852
935 511 1077
